 -5.715015668637560 
 -5.714958434310121 
 -5.715030807659849 
 -5.714949898070803 
 -5.715054455990833 
 -5.714951143184129 
 -5.715078037035195 
 -5.714956824699436 
 -5.715087095337209 
 -5.714931641190070 
 -5.715083385366317 
 -5.714925128556677 
 -5.715039289475750 
 -5.714950410111191 
 -5.715033961029356 
 -5.714941381049794 
 -5.715029319998568 
 -5.714966731172402 
 -5.715017737019729 
 -5.714975448965971 
 -5.714982724826233 
 -5.714985106234336 
 -5.714959209602957 
 -5.715011515667662 
 -5.714922056601286 
 -5.715024446460815 
 -5.714918704122609 
 -5.715052984217788 
 -5.714914456102401 
 -5.715066434928690 
 -5.714911178909022 
 -5.715073178112899 
 -5.714907302495631 
 -5.715076860016000 
 -5.714913501756924 
 -5.715053158524098 
 -5.714933022540654 
 -5.715031588324529 
 -5.714957659315113 
 -5.715012821481637 
 -5.714966093283106 
 -5.714987107531452 
 -5.715012728285222 
 -5.714960811416447 
 -5.715037774870638 
 -5.714944036716572 
 -5.715060187343633 
 -5.714920229039561 
 -5.715065232377055 
 -5.714904213785338 
 -5.715079925817154 
 -5.714903151435800 
 -5.715080281390433 
 -5.714929976437892 
 -5.715075157490515 
 -5.714948181352206 
 -5.715037193803642 
 -5.714962248557018 
 -5.715024362313402 
 -5.714978092094425 
 -5.714988556102389 
 -5.715012927612893 
 -5.714951536052030 
 -5.715050043896992 
 -5.714943977748096 
 -5.715069936412864 
 -5.714921236108364 
 -5.715072588156962 
 -5.714916034109145 
 -5.715064528525588 
 -5.714903866454318 
 -5.715041178847050 
 -5.714907653537753 
 -5.715019436507952 
 -5.714925366123516 
 -5.715003233755834 
 -5.714930752254554 
 -5.714991509794840 
 -5.714954286028691 
 -5.714977708280697 
 -5.714965102404834 
 -5.714934052085258 
 -5.714993769311437 
 -5.714922187975493 
 -5.715007243511492 
 -5.714892435508217 
 -5.715015533233284 
 -5.714887560204226 
 -5.715013689552471 
 -5.714898061251393 
 -5.714999891218008 
 -5.714906879364341 
 -5.714985953425360 
 -5.714899017995071 
 -5.714984199777271 
 -5.714895661818076 
 -5.714976482415838 
 -5.714911715598688 
 -5.714968068376741 
 -5.714923713800721 
 -5.714964591339317 
 -5.714937902894947 
 -5.714949163098520 
 -5.714949184438763 
 -5.714930279469819 
 -5.714955283524791 
 -5.714909138401532 
 -5.714969256615579 
 -5.714898638122106 
 -5.714980070692848 
 -5.714890677657690 
 -5.714978055902025 
 -5.714895765570029 
 -5.714965701604571 
 -5.714888804802609 
 -5.714978950132194 
 -5.714876336025348 
 -5.714966038101859 
 -5.714878690907923 
 -5.714940907144515 
 -5.714883439703216 
 -5.714927504271251 
 -5.714890703828562 
 -5.714897694697854 
 -5.714916732791314 
 -5.714871160188951 
 -5.714932279059414 
 -5.714873683181153 
 -5.714937054966294 
 -5.714874700507466 
 -5.714952081471997 
 -5.714854818441210 
 -5.714959786071800 
 -5.714840138326559 
 -5.714962178149880 
 -5.714828230051069 
 -5.714967377795498 
 -5.714825851500894 
 -5.714970376865136 
 -5.714844254787940 
 -5.714936598678538 
 -5.714874552468145 
 -5.714924594572198 
 -5.714898476375472 
 -5.714887855009382 
 -5.714930956668539 
 -5.714865739658321 
 -5.714958750017177 
 -5.714847223110780 
 -5.714984340474614 
 -5.714825610679442 
 -5.715002532489096 
 -5.714817705316049 
 -5.714999225003651 
 -5.714824376845012 
 -5.714990575973976 
 -5.714813228244195 
 -5.714977505222817 
 -5.714852145384115 
 -5.714946717238373 
 -5.714871779132024 
 -5.714926035345784 
 -5.714895415592456 
 -5.714913839963269 
 -5.714928782168696 
 -5.714863526271841 
 -5.714946493157028 
 -5.714854232215886 
 -5.714965300604555 
 -5.714832690025784 
 -5.714995810470909 
 -5.714824802797372 
 -5.714999180961445 
 -5.714822060796489 
 -5.714989330432926 
 -5.714817962874135 
 -5.714984305179290 
 -5.714830799398357 
 -5.714968436832629 
 -5.714857020629650 
 -5.714950412326229 
 -5.714888821588874 
 -5.714916508086099 
 -5.714916529849028 
 -5.714886755628872 
 -5.714937435152931 
 -5.714846090873817 
 -5.714969387776396 
 -5.714841279249926 
 -5.714966363001279 
 -5.714841153526080 
 -5.714995813870556 
 -5.714816832053764 
 -5.715005072060499 
 -5.714819085801987 
 -5.715004873191520 
 -5.714807885449858 
 -5.714973309594399 
 -5.714846107886137 
 -5.714945999953064 
 -5.714867634479953 
 -5.714944089739289 
 -5.714889530497604 
 -5.714906770272382 
 -5.714911283123027 
 -5.714887284434909 
 -5.714952467123299 
 -5.714854921177816 
 -5.714959456421884 
 -5.714839501496631 
 -5.714972233405391 
 -5.714823283896521 
 -5.714985531295655 
 -5.714815155370875 
 -5.714987898039773 
 -5.714815675796143 
 -5.714988918394065 
 -5.714829319019649 
 -5.714978326046367 
 -5.714858643303809 
 -5.714957024149874 
 -5.714879475615573 
 -5.714934573605301 
 -5.714904948331953 
 -5.714899069746632 
 -5.714930111200100 
 -5.714861023591547 
 -5.714955009258128 
 -5.714834939397162 
 -5.714982209546783 
 -5.714818115555008 
 -5.714993630264415 
 -5.714817578355654 
 -5.715000361410003 
 -5.714823340075334 
 -5.714990720491700 
 -5.714810167964468 
 -5.714978935611496 
 -5.714842307468802 
 -5.714956393591256 
 -5.714860208672182 
 -5.714928212192211 
 -5.714889300238205 
 -5.714886912532013 
 -5.714922272035396 
 -5.714857773035650 
 -5.714951374206991 
 -5.714836073638963 
 -5.714977494642510 
 -5.714818166017549 
 -5.714989495229050 
 -5.714822546463612 
 -5.715012246034347 
 -5.714816446822113 
 -5.715008573162359 
 -5.714820763297747 
 -5.714997302682404 
 -5.714841118489392 
 -5.714977290913389 
 -5.714864662880128 
 -5.714945377131635 
 -5.714917350102844 
 -5.714908289972243 
 -5.714943134869453 
 -5.714886301221366 
 -5.714962982772994 
 -5.714849841946323 
 -5.714994108788350 
 -5.714841215825967 
 -5.715032084177915 
 -5.714836797430860 
 -5.715027195780472 
 -5.714823204016129 
 -5.715014998354140 
 -5.714828425142797 
 -5.714999539699892 
 -5.714836642423588 
 -5.714978487783070 
 -5.714852979353101 
 -5.714953144405518 
 -5.714902441557006 
 -5.714927652049965 
 -5.714933701585878 
 -5.714904688530847 
 -5.714966856666447 
 -5.714852885476571 
 -5.715002644656954 
 -5.714823881759991 
 -5.715030656941648 
 -5.714810183825601 
 -5.715027323315011 
 -5.714831830243208 
 -5.715028148949719 
 -5.714834542658441 
 -5.715012127359340 
 -5.714848297184280 
 -5.714981868738192 
 -5.714872796476781 
 -5.714948745896609 
 -5.714911801460918 
 -5.714920691388639 
 -5.714938945511851 
 -5.714897193136355 
 -5.714972218468699 
 -5.714862096127198 
 -5.714992919869675 
 -5.714835084675694 
 -5.715026077136168 
 -5.714819628823733 
 -5.715028944800014 
 -5.714815186724191 
 -5.715025034730144 
 -5.714818548820927 
 -5.715011243113012 
 -5.714840840486270 
 -5.714998754204299 
 -5.714867467419521 
 -5.714975181191244 
 -5.714900516584663 
 -5.714942491544971 
 -5.714929245769021 
 -5.714897299267761 
 -5.714954753007272 
 -5.714865263805651 
 -5.714989290027030 
 -5.714847533996788 
 -5.715014671115415 
 -5.714829445822577 
 -5.715036132115927 
 -5.714826770217387 
 -5.715042525950604 
 -5.714839765337819 
 -5.715044613622513 
 -5.714853257160319 
 -5.715015388855579 
 -5.714855808797744 
 -5.714981141623602 
 -5.714878453060249 
 -5.714941464674999 
 -5.714908437443905 
 -5.714918371893876 
 -5.714950951633970 
 -5.714880125225370 
 -5.714975352409689 
 -5.714856525766032 
 -5.715013840143900 
 -5.714825672565953 
 -5.715018697378972 
 -5.714820252618366 
 -5.715014031752246 
 -5.714814065814078 
 -5.715017131407360 
 -5.714813943248078 
 -5.715002093417481 
 -5.714835040271593 
 -5.714964658958498 
 -5.714875296163764 
 -5.714914599486652 
 -5.714922235534195 
 -5.714845931993909 
 -5.714969030852689 
 -5.714826131142500 
 -5.714957467132554 
 -5.714838110539953 
 -5.714971301938267 
 -5.714827527233751 
 -5.714977728582358 
 -5.714829017518324 
 -5.714970924063990 
 -5.714831452391229 
 -5.714967548987602 
 -5.714849251575554 
 -5.714935325778590 
 -5.714880130842905 
 -5.714919361159268 
 -5.714887919291257 
 -5.714908357050837 
 -5.714908867492868 
 -5.714882184169647 
 -5.714932512444202 
 -5.714868046671411 
 -5.714937437553647 
 -5.714856430770742 
 -5.714964708845949 
 -5.714845591888611 
 -5.714966679079995 
 -5.714833068025560 
 -5.714968273547180 
 -5.714841364957646 
 -5.714962199048828 
 -5.714846789852341 
 -5.714952405514329 
 -5.714863906719285 
 -5.714933873473605 
 -5.714869833212431 
 -5.714917388407236 
 -5.714891975004033 
 -5.714891036729953 
 -5.714918776937513 
 -5.714852110225418 
 -5.714947074451322 
 -5.714831103471200 
 -5.714964417983009 
 -5.714826807063680 
 -5.714971870785971 
 -5.714818155275092 
 -5.714973585080495 
 -5.714828682807743 
 -5.714963182667804 
 -5.714843108513840 
 -5.714956125900119 
 -5.714849557412863 
 -5.714929763329349 
 -5.714882570220202 
 -5.714909289871278 
 -5.714915392152016 
 -5.714878039915820 
 -5.714941322458567 
 -5.714869198761607 
 -5.714961885079152 
 -5.714835269507279 
 -5.714956974803359 
 -5.714820516758244 
 -5.714959627132523 
 -5.714812818365457 
 -5.714961577870615 
 -5.714821949287181 
 -5.714952796452893 
 -5.714849445647380 
 -5.714965137919386 
 -5.714855746599963 
 -5.714932800384910 
 -5.714883707315076 
 -5.714910811044574 
 -5.714900580545137 
 -5.714887493143416 
 -5.714927389521629 
 -5.714873688005769 
 -5.714940613351383 
 -5.714854859571120 
 -5.714962277144676 
 -5.714844166565332 
 -5.714969432007342 
 -5.714823429488082 
 -5.714970327868524 
 -5.714826311442093 
 -5.714963681888007 
 -5.714833187348781 
 -5.714952128526606 
 -5.714854037133601 
 -5.714936441636437 
 -5.714871740125703 
 -5.714920457232826 
 -5.714896764618347 
 -5.714899966376204 
 -5.714913910761318 
 -5.714877024896836 
 -5.714932848256226 
 -5.714866341449288 
 -5.714959120362044 
 -5.714841768613140 
 -5.714959672374791 
 -5.714826626274069 
 -5.714980035226384 
 -5.714829314796243 
 -5.714970928549735 
 -5.714835181351309 
 -5.714962036610084 
 -5.714847344611435 
 -5.714962879549600 
 -5.714879816863977 
 -5.714941750345659 
 -5.714906632452407 
 -5.714923490402284 
 -5.714922062679876 
 -5.714893981913686 
 -5.714934255641434 
 -5.714852005460301 
 -5.714952423379626 
 -5.714845204732484 
 -5.714971376460009 
 -5.714853655769248 
 -5.714983380799678 
 -5.714849416781072 
 -5.714975060504761 
 -5.714849791406748 
 -5.714977541685164 
 -5.714839773824485 
 -5.714949813604823 
 -5.714863825529322 
 -5.714945223300282 
 -5.714891442483598 
 -5.714929490682872 
 -5.714904601090421 
 -5.714901349966849 
 -5.714940854928981 
 -5.714887386393735 
 -5.714962033593314 
 -5.714854739925796 
 -5.714957459334452 
 -5.714835237631084 
 -5.714979500765595 
 -5.714837747824904 
 -5.714970067131491 
 -5.714831187215950 
 -5.714970695685092 
 -5.714843641534438 
 -5.714954270146586 
 -5.714856195196812 
 -5.714938342259615 
 -5.714870264374103 
 -5.714919298733585 
 -5.714891374293260 
 -5.714897711969664 
 -5.714912659036802 
 -5.714880484566113 
 -5.714950423622867 
 -5.714866031950192 
 -5.714957604120608 
 -5.714845547130228 
 -5.714970649398006 
 -5.714832738758069 
 -5.714964607440220 
 -5.714818645577493 
 -5.714962310479382 
 -5.714830417110844 
 -5.714961470786601 
 -5.714844927996573 
 -5.714946919474202 
 -5.714866197897959 
 -5.714923108767823 
 -5.714885871853905 
 -5.714905905196920 
 -5.714911429196143 
 -5.714889019710276 
 -5.714931215336335 
 -5.714867462209520 
 -5.714960320281763 
 -5.714858115300364 
 -5.714973276260064 
 -5.714850092258724 
 -5.714983498324077 
 -5.714846624354696 
 -5.714985678856034 
 -5.714847276440150 
 -5.714982219321063 
 -5.714853646592573 
 -5.714956596300029 
 -5.714867042789725 
 -5.714943697823880 
 -5.714890670265047 
 -5.714926870294049 
 -5.714904069493898 
 -5.714903808011843 
 -5.714935783202066 
 -5.714871248786219 
 -5.714937883149104 
 -5.714845424947834 
 -5.714966160957735 
 -5.714848380178823 
 -5.714977132839253 
 -5.714840885623492 
 -5.714978982341012 
 -5.714826212421944 
 -5.714973890427577 
 -5.714851841554289 
 -5.714960563184944 
 -5.714856809406528 
 -5.714951707902603 
 -5.714872192016563 
 -5.714920116085583 
 -5.714894851548022 
 -5.714894371122200 
 -5.714918608729716 
 -5.714882340987677 
 -5.714927792693715 
 -5.714859197170123 
 -5.714947439423710 
 -5.714833295102015 
 -5.714961211552646 
 -5.714837241296119 
 -5.714978215659707 
 -5.714837140807381 
 -5.714977583219130 
 -5.714837599360425 
 -5.714961772075670 
 -5.714849639249889 
 -5.714944530150453 
 -5.714865680184324 
 -5.714931722369820 
 -5.714888855303078 
 -5.714912854849117 
 -5.714905906067060 
 -5.714885680375572 
 -5.714935394067741 
 -5.714866656946275 
 -5.714945663209687 
 -5.714842611647137 
 -5.714959437232607 
 -5.714834848525004 
 -5.714973302350767 
 -5.714836227990854 
 -5.714975052477547 
 -5.714839837552422 
 -5.714974607860191 
 -5.714856942611437 
 -5.714963171203870 
 -5.714866534834476 
 -5.714933672870088 
 -5.714874275679180 
 -5.714912416821687 
 -5.714888084413137 
 -5.714876948386479 
 -5.714909811473361 
 -5.714851306543827 
 -5.714926442162421 
 -5.714834044662227 
 -5.714938858341146 
 -5.714824337878545 
 -5.714954834497195 
 -5.714815985178150 
 -5.714956511495568 
 -5.714823944245690 
 -5.714955027373432 
 -5.714830960397181 
 -5.714953227935674 
 -5.714838113310164 
 -5.714923948508593 
 -5.714857218559692 
 -5.714909845652844 
 -5.714883910875440 
 -5.714886386926019 
 -5.714899186189053 
 -5.714861373330128 
 -5.714922061859177 
 -5.714850219516562 
 -5.714943079049250 
 -5.714827883353006 
 -5.714956675780665 
 -5.714827135110071 
 -5.714962977543757 
 -5.714814145194339 
 -5.714948581717648 
 -5.714814144745475 
 -5.714937962721073 
 -5.714827059425156 
 -5.714937398574220 
 -5.714851430370934 
 -5.714918921443763 
 -5.714880162066335 
 -5.714908793324054 
 -5.714907864271667 
 -5.714883920482978 
 -5.714925356789936 
 -5.714862012994797 
 -5.714943302918527 
 -5.714828934402108 
 -5.714948061312597 
 -5.714818353337566 
 -5.714948899221606 
 -5.714812137928136 
 -5.714961081157719 
 -5.714818368989874 
 -5.714958798345521 
 -5.714837612970822 
 -5.714946783764971 
 -5.714852420773465 
 -5.714928394538340 
 -5.714863711583422 
 -5.714909137882803 
 -5.714897628866208 
 -5.714877920700476 
 -5.714918935190123 
 -5.714868974424276 
 -5.714928684094135 
 -5.714854479116053 
 -5.714957361289540 
 -5.714840865491099 
 -5.714971480637423 
 -5.714816567288247 
 -5.714955177695604 
 -5.714826681985087 
 -5.714961014301744 
 -5.714823592174743 
 -5.714943369960333 
 -5.714839410428024 
 -5.714926621835559 
 -5.714860173833525 
 -5.714906180922128 
 -5.714883136965840 
 -5.714885901475236 
 -5.714905916173085 
 -5.714867847837096 
 -5.714920347771434 
 -5.714846135311317 
 -5.714940578688307 
 -5.714828560991404 
 -5.714955068461075 
 -5.714824253396699 
 -5.714959705389741 
 -5.714820570998869 
 -5.714955674553687 
 -5.714823770667632 
 -5.714946631280878 
 -5.714835732665200 
 -5.714934111680741 
 -5.714847899191391 
 -5.714910972114178 
 -5.714875069579252 
 -5.714887615763129 
 -5.714887858432530 
 -5.714867045515007 
 -5.714912608620449 
 -5.714848032282049 
 -5.714933004103589 
 -5.714824950424045 
 -5.714943576651373 
 -5.714818155780432 
 -5.714949694033421 
 -5.714814526599626 
 -5.714970940748946 
 -5.714836505038337 
 -5.714963976594631 
 -5.714841058187001 
 -5.714943837663590 
 -5.714853818066445 
 -5.714925739610220 
 -5.714872253348384 
 -5.714902727431635 
 -5.714899035005738 
 -5.714889991063825 
 -5.714921894953864 
 -5.714865905202056 
 -5.714930211706310 
 -5.714834938925272 
 -5.714937678887850 
 -5.714815880547203 
 -5.714946692116097 
 -5.714814338150624 
 -5.714954994582184 
 -5.714820438753285 
 -5.714957945505823 
 -5.714831053295947 
 -5.714944351403245 
 -5.714842344861559 
 -5.714928392264913 
 -5.714860709228722 
 -5.714902778060948 
 -5.714873027470378 
 -5.714884280882872 
 -5.714895056306051 
 -5.714864158634611 
 -5.714930105599653 
 -5.714851925932270 
 -5.714942834272357 
 -5.714834063627829 
 -5.714956331649185 
 -5.714822165669066 
 -5.714963122080320 
 -5.714829856398755 
 -5.714964735939571 
 -5.714827572083254 
 -5.714954195250662 
 -5.714841029631251 
 -5.714934642310822 
 -5.714846185885954 
 -5.714905288393732 
 -5.714863929480376 
 -5.714885134209496 
 -5.714887500826301 
 -5.714855255425104 
 -5.714906621840727 
 -5.714845913934932 
 -5.714928546635144 
 -5.714822851317766 
 -5.714947900470501 
 -5.714818762919986 
 -5.714953367428873 
 -5.714800245045854 
 -5.714951545878948 
 -5.714808761215130 
 -5.714933745838242 
 -5.714827112250899 
 -5.714928651259487 
 -5.714848661659100 
 -5.714920581306000 
 -5.714868225036962 
 -5.714897629849371 
 -5.714888694219285 
 -5.714871057247967 
 -5.714912543481197 
 -5.714857031659361 
 -5.714939840455314 
 -5.714843541434484 
 -5.714952048811764 
 -5.714826162577602 
 -5.714953180539049 
 -5.714811362100106 
 -5.714956418689288 
 -5.714817005802602 
 -5.714932219328527 
 -5.714810476562843 
 -5.714916219901290 
 -5.714818025572244 
 -5.714904558571352 
 -5.714838069568590 
 -5.714889847768357 
 -5.714871092847465 
 -5.714875944050649 
 -5.714891051973009 
 -5.714849351849845 
 -5.714910842534706 
 -5.714845004775235 
 -5.714933400405174 
 -5.714821966623750 
 -5.714954994304356 
 -5.714805623582125 
 -5.714944391334581 
 -5.714802219314875 
 -5.714937486307270 
 -5.714812244567237 
 -5.714937714712793 
 -5.714823112263492 
 -5.714919368943367 
 -5.714842767774420 
 -5.714898020428407 
 -5.714859986304641 
 -5.714870113250742 
 -5.714862697404731 
 -5.714846569706733 
 -5.714889250306965 
 -5.714831580800247 
 -5.714916767452928 
 -5.714816567070734 
 -5.714929928076529 
 -5.714810725389430 
 -5.714941695554993 
 -5.714805013521222 
 -5.714944129326261 
 -5.714798781547122 
 -5.714933994189476 
 -5.714812956887604 
 -5.714926448242769 
 -5.714826870579704 
 -5.714915021129270 
 -5.714858593328392 
 -5.714878653744817 
 -5.714865977372209 
 -5.714855309474548 
 -5.714901334532752 
 -5.714848100118314 
 -5.714924033116469 
 -5.714818626672152 
 -5.714944032781145 
 -5.714822843209386 
 -5.714932933232578 
 -5.714794575682030 
 -5.714933677919593 
 -5.714797606937141 
 -5.714942499892989 
 -5.714805109268848 
 -5.714924327497826 
 -5.714825436035703 
 -5.714908551795443 
 -5.714839809581598 
 -5.714888269801834 
 -5.714861981197862 
 -5.714863723891274 
 -5.714888771050070 
 -5.714844568306052 
 -5.714893276441694 
 -5.714818849785963 
 -5.714914621661081 
 -5.714799663002819 
 -5.714926034407320 
 -5.714800708278957 
 -5.714941438919487 
 -5.714809881797963 
 -5.714940509257683 
 -5.714806240351828 
 -5.714929147907008 
 -5.714818251458825 
 -5.714915887060357 
 -5.714836828612020 
 -5.714899093594980 
 -5.714863438633809 
 -5.714879713502286 
 -5.714880788855091 
 -5.714851157460058 
 -5.714899346427867 
 -5.714834886630326 
 -5.714929620048986 
 -5.714805807204654 
 -5.714928712063036 
 -5.714803834871668 
 -5.714941218884235 
 -5.714802689530853 
 -5.714944626938109 
 -5.714810099351082 
 -5.714939177660193 
 -5.714825288939904 
 -5.714922373360654 
 -5.714822717633813 
 -5.714891018161842 
 -5.714841252677139 
 -5.714871875148122 
 -5.714863868972389 
 -5.714850394741621 
 -5.714888515801231 
 -5.714828010269917 
 -5.714909298241033 
 -5.714814664913042 
 -5.714935882988049 
 -5.714811112030336 
 -5.714943483813865 
 -5.714813023109954 
 -5.714941889912284 
 -5.714818459569542 
 -5.714956154096485 
 -5.714815841062524 
 -5.714918641284569 
 -5.714821713049979 
 -5.714919353323010 
 -5.714839731647992 
 -5.714886567507869 
 -5.714859680144452 
 -5.714870086919461 
 -5.714891652938019 
 -5.714852337643805 
 -5.714908947208803 
 -5.714831066726223 
 -5.714929064119775 
 -5.714809000061248 
 -5.714944096539539 
 -5.714812330051991 
 -5.714947738827338 
 -5.714796077280870 
 -5.714941962663333 
 -5.714808325536878 
 -5.714929087998071 
 -5.714821057460296 
 -5.714904075186465 
 -5.714837940088139 
 -5.714898437085706 
 -5.714846130827083 
 -5.714861162267557 
 -5.714871063109954 
 -5.714847706221701 
 -5.714897615277071 
 -5.714828363356323 
 -5.714915170705476 
 -5.714816015748740 
 -5.714931762502782 
 -5.714802626551594 
 -5.714936600585300 
 -5.714798878592358 
 -5.714928170104736 
 -5.714796955121090 
 -5.714921809608804 
 -5.714797809329507 
 -5.714904684449519 
 -5.714815828778470 
 -5.714886228339440 
 -5.714832021160184 
 -5.714863006374678 
 -5.714864910728505 
 -5.714851411959976 
 -5.714880306894911 
 -5.714828772465470 
 -5.714906434373925 
 -5.714811551049848 
 -5.714916887808923 
 -5.714797252120867 
 -5.714932212415281 
 -5.714793191672884 
 -5.714934123826064 
 -5.714798869425458 
 -5.714930185305030 
 -5.714811556414816 
 -5.714918087778826 
 -5.714819583168605 
 -5.714899985040483 
 -5.714828502695821 
 -5.714879516618454 
 -5.714841736773041 
 -5.714849675451700 
 -5.714863599903281 
 -5.714816868368756 
 -5.714882796393772 
 -5.714802688684075 
 -5.714908019513667 
 -5.714794713122069 
 -5.714926392923895 
 -5.714793689276134 
 -5.714926800032574 
 -5.714783535464668 
 -5.714917017889277 
 -5.714783153460618 
 -5.714909680395511 
 -5.714804802412128 
