 300.000000000000000
 299.927992507382271
 300.024693634431515
 299.923102992478334
 300.061727481026253
 299.938808718941345
 300.098686628995381
 299.943816960712752
 300.126275165851496
 299.899748120505308
 300.109319734794497
 299.902979163557461
 300.049566622475538
 299.929853969882686
 300.053785770077752
 299.929876903264699
 300.056219741302868
 299.974197956143769
 300.054827731986393
 299.999749454756341
 300.017185168386561
 300.022181733214836
 299.959527437321185
 300.054089580265043
 299.922542342696829
 300.062582873975430
 299.908831838992114
 300.089672082008008
 299.899132283820222
 300.114943876398797
 299.897831570194967
 300.120118904347976
 299.893310463003274
 300.111250606600152
 299.899080925656904
 300.083995671180162
 299.916953718962020
 300.054854515259478
 299.950779699388193
 300.027143992026765
 299.994949560400812
 299.998313795851232
 300.035085284512888
 299.961540888426669
 300.062899112286573
 299.922836605540226
 300.082326789007311
 299.892883610858973
 300.096688046878000
 299.872119313458825
 300.107211205688827
 299.876863092497217
 300.112008135013355
 299.898895007644740
 300.105073183766649
 299.929142872198213
 300.079782281418602
 299.952086340482538
 300.035566544173776
 299.974525840965612
 299.981629007013566
 300.020603642824199
 299.935515730586133
 300.063071630762295
 299.915483720408531
 300.100471832216272
 299.913104926774338
 300.118990153271625
 299.907831901710779
 300.115161986395947
 299.904221569630351
 300.094374966172438
 299.907945401793938
 300.066963600323675
 299.931819731769849
 300.054610178042765
 299.945948467834114
 300.040614665632916
 299.974714875081190
 300.007327064828019
 300.012800800112586
 299.959579344001554
 300.049162812362681
 299.934038773840030
 300.071768990406781
 299.916823148400510
 300.088623295154434
 299.917155841377905
 300.087729402633556
 299.932311762990309
 300.069365897410705
 299.944876698212965
 300.053795036268298
 299.938181792093815
 300.052963334283845
 299.943392040971958
 300.043461300781644
 299.959028947384923
 300.039300808845610
 299.969948670870053
 300.029553798063603
 299.986464388451566
 300.005915608998066
 300.003007515010779
 299.978107124081589
 300.024900867619010
 299.952521510324516
 300.043256665979982
 299.942184262845217
 300.056424535641838
 299.940065688549623
 300.052830065229386
 299.953319026005431
 300.055645706755456
 299.942216231002135
 300.074999972227261
 299.940686836631926
 300.068249334883888
 299.952950829139809
 300.044185250088105
 299.958005201617539
 300.023215399932269
 299.977711917265481
 299.989914606190155
 300.015823102786385
 299.959932446738947
 300.044955124590501
 299.963604703489182
 300.053801920744377
 299.966663858237098
 300.072156943201321
 299.934721002461629
 300.084957035869252
 299.901293139414861
 300.090268848952860
 299.885085955592672
 300.096019710576570
 299.883372780532170
 300.090927357336227
 299.923069454623089
 300.056196880536902
 299.959393514304679
 300.024671480117775
 299.996823659668848
 299.984262326781220
 300.037702952184645
 299.949848367806396
 300.077729048448418
 299.920300112906375
 300.106735139025716
 299.887429617350222
 300.122849153740788
 299.870872372588792
 300.123691296505854
 299.867309312354394
 300.112692048173244
 299.878469094344211
 300.091148734989702
 299.908766227844069
 300.070079756060863
 299.953504747438274
 300.050142254794366
 299.996930012917630
 300.004254309987630
 300.036915496901656
 299.954953470717214
 300.062089946584706
 299.918163029914297
 300.091557898115184
 299.890933114984477
 300.114997414304923
 299.878014448017609
 300.127622527911797
 299.874979765307671
 300.124384492761351
 299.878761712074493
 300.106153029225709
 299.893386656602161
 300.080792272700194
 299.931889654825341
 300.050781298193442
 299.979862877199309
 300.017428718476026
 300.014026648440961
 299.967008675816317
 300.045404556740664
 299.917827522362415
 300.065235169239827
 299.913548532054961
 300.075550786334247
 299.906531686858273
 300.121369288936364
 299.882426857896348
 300.136194253807844
 299.878385607406301
 300.136338630796502
 299.884328194403395
 300.099227861306929
 299.905176118117822
 300.066877962160390
 299.933542564904144
 300.035263660943542
 299.977433714678739
 300.000365569021767
 300.018401383754679
 299.971471733878161
 300.054682616030050
 299.940805607609605
 300.083453539137338
 299.914010741235813
 300.105854154549888
 299.889566521969073
 300.116641442351408
 299.874452023477090
 300.117135063923229
 299.872473982069778
 300.109086219445373
 299.888115425029923
 300.091925621469841
 299.920479452738846
 300.070710895990487
 299.962677492921443
 300.038443423517037
 300.004593322701169
 299.988245818923929
 300.038448921080487
 299.935861744702891
 300.068579764222250
 299.899664113064432
 300.098726869488587
 299.880407061615870
 300.119626876901350
 299.866266607519492
 300.133308120572053
 299.870765978574184
 300.128421381804628
 299.890235658964457
 300.104600835045687
 299.918042185585421
 300.075516349515965
 299.948566796704029
 300.033952301371585
 299.986783432392315
 299.990232666368399
 300.029270065725257
 299.949218651853414
 300.068268997504447
 299.910784285585805
 300.104950614461018
 299.886758219105673
 300.119317752538961
 299.870812607410926
 300.137011045166275
 299.867961948483185
 300.135779808175187
 299.869543065292135
 300.119936905504517
 299.895327527474421
 300.088631116451381
 299.929003461033460
 300.035540457956074
 299.980282023908273
 299.989936865756533
 300.023715517557036
 299.941721610691616
 300.066119141108572
 299.908345734354668
 300.108798471758689
 299.890683103775643
 300.145537779104018
 299.881971959402392
 300.151859603312005
 299.866059294517186
 300.131628937485914
 299.858150787728960
 300.102046048691534
 299.877245275857604
 300.073567372174125
 299.919331552507515
 300.048719733870712
 299.973594067985402
 300.016868983422455
 300.027416753485795
 299.968142017125103
 300.078931789655428
 299.909161913921992
 300.118713995693099
 299.861505305997071
 300.145351075121027
 299.851450393168307
 300.147319515055472
 299.858038088337480
 300.141751016621470
 299.867021159139995
 300.115297832999488
 299.888355551028667
 300.078745800525724
 299.925559033502395
 300.039923335416347
 299.978876273916171
 300.005018649805606
 300.025497208349123
 299.961816957239876
 300.073016771964774
 299.920070462127967
 300.109955224862063
 299.877674006127393
 300.135098828997002
 299.852943300032450
 300.147577863701542
 299.851051898510718
 300.145770052603552
 299.858775971410637
 300.130077387377924
 299.881114131025754
 300.104814424531185
 299.916014520089220
 300.066595211221113
 299.956288502840664
 300.018408550313382
 299.998823551160626
 299.966969367725369
 300.043011284754130
 299.921240517936212
 300.086837797543126
 299.886958758934838
 300.124563262614799
 299.866030696469863
 300.146829248954816
 299.863683247935114
 300.159618982806762
 299.868769131483532
 300.149872738911426
 299.878214429135141
 300.116304245075412
 299.894849456532995
 300.071062115121265
 299.926740657933067
 300.025816456160669
 299.973881229821075
 299.984752589851723
 300.028413965220295
 299.946887694846680
 300.084676789176740
 299.898449531989854
 300.131112500516565
 299.869898813349494
 300.140984092200938
 299.865646016236326
 300.141460989303312
 299.858489367946163
 300.149200268831748
 299.862830203158524
 300.125911745667281
 299.906946105007250
 300.068078785096077
 299.968377337490665
 299.993218263567030
 300.041683384434691
 299.916116092987181
 300.093675044599308
 299.910753395710287
 300.081314695158653
 299.907362986382566
 300.099584402624430
 299.895368533795420
 300.099510230765190
 299.893659068307500
 300.092666375958459
 299.902876899514411
 300.073433105039442
 299.934935540508036
 300.045112358550057
 299.969265316627059
 300.036035059864048
 299.986859114541403
 300.010693754844681
 300.017332399080544
 299.971173267586153
 300.039062670999897
 299.944694839004057
 300.066745101152605
 299.933082270276202
 300.078503986618443
 299.916931289907893
 300.086848692467981
 299.904910279778051
 300.086595446910280
 299.906813602803993
 300.084221238792338
 299.923764583605191
 300.074196713012725
 299.948107079958277
 300.056618004830682
 299.969334405964958
 300.027114218671841
 299.989552983917179
 299.982720272694053
 300.028487983835532
 299.930078578794223
 300.059371393013635
 299.908790354567373
 300.078723756200702
 299.904522702563952
 300.099335587908001
 299.903773258094304
 300.106627419742154
 299.910686287601266
 300.095009062845520
 299.918433463266240
 300.071626107977863
 299.939521600617923
 300.042888944356889
 299.972358608942443
 300.010061479212879
 300.011310616219930
 299.980259647697494
 300.047223061061629
 299.949842993651032
 300.078961958720299
 299.925401400200826
 300.093790449029825
 299.902247109686300
 300.097265568213572
 299.892375584360821
 300.097280139560894
 299.893749944484739
 300.084180747622042
 299.918739369800790
 300.066179565622747
 299.941936677404328
 300.041189423696210
 299.971904395614274
 300.013390672917637
 300.005229162276066
 299.983021162567411
 300.030282893330593
 299.957458722144793
 300.057168466544056
 299.932678181600465
 300.082251500251971
 299.918429939749728
 300.099793640897985
 299.909505838439884
 300.101166936197274
 299.903675211520010
 300.089045613165808
 299.907825868948862
 300.071558873360743
 299.927034574735217
 300.053434456185983
 299.959213145925332
 300.032360299541040
 299.993043529229112
 300.000939092600959
 300.019255866713763
 299.963983067276217
 300.042991531624750
 299.933931543403560
 300.066783790590762
 299.914009821453817
 300.085458246035103
 299.902793695387061
 300.095269081474896
 299.901705206587451
 300.096161864363239
 299.912121388926550
 300.088804691771088
 299.931692228308236
 300.070668159212460
 299.955049479171521
 300.042008382761082
 299.981021634955425
 300.009100123259429
 300.009209978581282
 299.975064826187804
 300.035148101474135
 299.942274081794778
 300.058116799503637
 299.918009131799522
 300.078799539203544
 299.905620883596157
 300.093767354609099
 299.902721975246664
 300.096907454476820
 299.905916563737776
 300.086248443477132
 299.915781349602298
 300.064948858702678
 299.934278466643093
 300.039991413920859
 299.964245072065751
 300.017063122226887
 300.003477375865316
 299.995834604656977
 300.042399060514697
 299.971361759410684
 300.071086060978303
 299.942380932444735
 300.085024762679780
 299.914438532423276
 300.089376070760068
 299.898379753286122
 300.090406962274926
 299.898035527327181
 300.086090358002423
 299.909400616598816
 300.071883178675591
 299.927459934558215
 300.048176933935110
 299.952125956643158
 300.020618145345509
 299.984246341839594
 299.994552344150748
 300.021660880318848
 299.971868504939096
 300.057440585369761
 299.948986985590068
 300.081836200323664
 299.924289712939583
 300.091903758381761
 299.904516216705360
 300.093795230166165
 299.898397885708960
 300.091770928713743
 299.908679675462622
 300.085225627376303
 299.930662710654474
 300.069032396756256
 299.954747014949817
 300.038719625647047
 299.977207843440794
 300.000959322840458
 300.001716615528835
 299.965876320236305
 300.030150165012174
 299.938986641963027
 300.060013937863800
 299.922584675613223
 300.087751619630353
 299.916322579379028
 300.106119823940389
 299.913584324999817
 300.105052030978015
 299.910009356126238
 300.085830901750512
 299.913256185750015
 300.062192627100160
 299.934231800270481
 300.042673105138988
 299.971061266736626
 300.022898299501207
 300.008277739988046
 299.992658699838671
 300.033815782163515
 299.954837310310268
 300.052957897610099
 299.924019374968964
 300.072525097714447
 299.907801705882719
 300.090965662125484
 299.905193251744890
 300.101649267892640
 299.910060518924070
 300.097044757954791
 299.918353092806399
 300.076942439556660
 299.931707118029408
 300.049101815093536
 299.953167328403765
 300.018766972721380
 299.982561763603485
 299.989524553934189
 300.016990077205492
 299.964228013704314
 300.051713776043357
 299.943731265880388
 300.080035677694298
 299.924855284816829
 300.094745905256616
 299.908926737434626
 300.097557753594231
 299.902578492102748
 300.092414052089509
 299.907241063720960
 300.078307872672667
 299.921359098313872
 300.056943637324082
 299.946297808098450
 300.034417922213208
 299.981587000574393
 300.011327605851989
 300.017241521687026
 299.980548543072246
 300.042367338233305
 299.944079115411569
 300.060027284972819
 299.916121232726255
 300.078334897639763
 299.903713330660139
 300.093436549690296
 299.901970072323707
 300.097417735935778
 299.908020804008913
 300.090871763455141
 299.924938767353126
 300.076631566370395
 299.948640971654186
 300.051071521883841
 299.972815427954799
 300.017220762284751
 299.999573351875370
 299.983024901440160
 300.028304233465917
 299.952582002660790
 300.054798905073767
 299.927143753128689
 300.076253481472008
 299.910529292693809
 300.091197122584163
 299.902854015572018
 300.096151804113958
 299.903539654075416
 300.090263616757397
 299.913982849773390
 300.076794978554062
 299.935128333776674
 300.056573736995801
 299.962513353177712
 300.028945464445201
 299.991010055694744
 299.996458452034744
 300.019714986374822
 299.965919308764171
 300.049799485752033
 299.942007917882790
 300.076729108757263
 299.923661954637964
 300.093664473410968
 299.909638384825200
 300.097863841736739
 299.902300562542564
 300.090163021650085
 299.903488192663815
 300.073156362377517
 299.916068275625435
 300.052498511116255
 299.943189337652427
 300.033990044820030
 299.982843167420924
 300.016010775591553
 300.023290370678069
 299.989682139307320
 300.050900277801304
 299.954227807992652
 300.066920403162555
 299.921799089777096
 300.078027516978636
 299.900896191462891
 300.085317535865670
 299.894086618210565
 300.087735835341221
 299.901380670617357
 300.083799831921681
 299.919719249691298
 300.070435656788106
 299.943282027235909
 300.045880699766201
 299.968866641538625
 300.014347555063580
 299.997305165867374
 299.983019447812637
 300.029204520747555
 299.957603806386714
 300.062333790964715
 299.938798054737617
 300.088450879194681
 299.922396455564069
 300.099937404853108
 299.908759809911828
 300.098383990903756
 299.903999676483409
 300.088190064084245
 299.910855959957075
 300.070655981392235
 299.927909837561401
 300.047352595219934
 299.954276939259273
 300.021548753854461
 299.987071621890095
 299.994037917827086
 300.019868115789848
 299.964400250921074
 300.047823496391231
 299.936429274759405
 300.071185618366030
 299.917596331378775
 300.090847567957155
 299.910587545813485
 300.102570774513026
 299.909842455673925
 300.098347496390488
 299.913060454826791
 300.081537788149944
 299.926151095484840
 300.060062405603674
 299.949893788004317
 300.033633775659268
 299.978172371456651
 300.003227029297477
 300.008250223970833
 299.973229798681075
 300.039969188679379
 299.948862237733749
 300.069772489014895
 299.929786269492411
 300.089957237460396
 299.913329516379861
 300.096464252461772
 299.903145361461327
 300.092894761458581
 299.903832184897283
 300.081519739823761
 299.914955819830539
 300.061592420008367
 299.934639675685730
 300.036630525037538
 299.965204075302211
 300.014944304926132
 300.006767110187411
 299.996957834074692
 300.046229276142412
 299.969402179277608
 300.066200884609430
 299.932623794987705
 300.075087745518999
 299.906403040144198
 300.084675381503075
 299.898556417383588
 300.093005888372261
 299.905169943610531
 300.092314701731709
 299.918287196219183
 300.077283342257715
 299.934511722780087
 300.050646226990636
 299.956044586674295
 300.019592379274570
 299.984564780174651
 299.990288641382165
 300.019001976353479
 299.966377898546909
 300.054793646621704
 299.945583328402563
 300.080055537914006
 299.921979947752789
 300.089386258234924
 299.903215834666582
 300.092450990774580
 299.901048002995196
 300.094005185315382
 299.914454700687145
 300.087697877223320
 299.933609522536699
 300.065324980726302
 299.951224013086915
 300.029857985607521
 299.971021947598558
 299.993261563641511
 299.999083917790131
 299.964519541373022
 300.034823359276459
 299.945989443234907
 300.071377450310933
 299.932980617211911
 300.095838146397739
 299.917414605931754
 300.100103304268487
 299.902412346934852
 300.091112155155201
 299.899713594994523
 300.078662451511093
 299.914523741536016
 300.066167474187012
 299.944580639683920
 300.050395724236125
 299.978622123720527
 300.022458999236846
 300.005126099876804
 299.984809191243812
 300.029613450045417
 299.953246527271517
 300.058902730527791
 299.931939645117438
 300.082924811071678
 299.914048297851991
 300.093216107117200
 299.901442518578222
 300.094110679309097
 299.900895834514074
 300.088192141429317
 299.912535727518105
 300.073931841579110
 299.931890598900338
 300.051327330316383
 299.958673271970326
 300.025034415805862
 299.990982810191383
 299.995830051501514
 300.022105798767996
 299.963786020931479
 300.048682100524559
 299.936764940594685
 300.074695686953760
 299.921025556136385
 300.095771541152885
 299.910108464525308
 300.099965464929880
 299.902304874318759
 300.093541479433839
 299.910041084452814
 300.086010776316925
 299.933060358104285
 300.070568902494529
 299.957884211757687
 300.039786130178868
 299.979759177388189
 300.001267357282984
 300.002990788855698
 299.964786545722234
 300.030385923374070
 299.936663762121327
 300.058935469697985
 299.918890956915675
 300.084093612883805
 299.910760170722369
 300.100842274674278
 299.908581397217290
 300.101306341265627
 299.908816356023181
 300.087129678327869
 299.919110288725733
 300.069147895382514
 299.942882171972428
 300.046795181814161
 299.971079701033375
 300.015602938403674
 299.997980713383924
 299.981058993747240
 300.027006318125757
 299.953601162688642
 300.060098403990196
 299.936588161331258
 300.088153484915608
 299.919815620563554
 300.095554304154916
 299.900049665265726
 300.089180433815955
 299.894203824003171
 300.081767561796994
 299.907520691416778
 300.072484038831021
 299.934222363551953
 300.058086754261296
 299.968037694955797
 300.036089777746042
 300.000079525857871
 300.002068130051271
 300.022481983930732
 299.960212688828676
 300.040103539146912
 299.925816255819655
 300.062086250141647
 299.910001629812655
 300.088853403627127
 299.911211573403648
 300.107443621317714
 299.913070646728158
 300.100528949997113
 299.910422204607983
 300.077848287933477
 299.920124088823854
 300.056293746342135
 299.948216211943418
 300.036793089789626
 299.984467381263414
 300.011092646490567
 300.016206380924416
 299.977780861771009
 300.041794365536305
 299.944696256168811
 300.062694390994636
 299.917584103119964
 300.078727055036381
 299.901863793673385
 300.091276576495261
 299.900943934764598
 300.097388452789914
 299.909606361495207
 300.089622596737286
 299.921244921413688
 300.067976165791833
 299.940227073697997
 300.043529181657618
 299.971302849173355
 300.019831742455722
 300.007666242960681
 299.991847091475506
 300.037849531039683
 299.958893461383127
 300.059933732312686
 299.928834050082969
 300.077563134532340
 299.909696347364559
 300.092238472780025
 299.904133057074489
 300.099638980592772
 299.908221186857759
 300.093837070018310
 299.916043396144460
 300.073276785967437
 299.928439586276056
 300.043726152660440
 299.949302916449938
 300.013091788771419
 299.979863093068673
 299.986301889484594
 300.017691932762773
 299.966384550581324
 300.057269315590815
 299.951145817594011
 300.089740467390186
 299.934022109020759
 300.102518233772400
 299.912454084640785
 300.097479547342857
 299.898566020822670
 300.086700048396096
 299.901923924851587
 300.074897131663306
 299.922127485395436
 300.060382196307046
 299.953094412316716
 300.040000400812232
 299.985376934227475
 300.009216607601161
 300.011598234998530
 299.971554740416877
 300.034793448424182
 299.939114304204168
 300.059401425668796
 299.918488420911558
 300.081996177799454
 299.907294947546632
 300.095717541160866
 299.903755897561325
 300.097824019254347
 299.909460185744990
 300.090364230358148
 299.924263802034147
 300.072597507683042
 299.944502649404001
 300.044824905017606
 299.968373384393487
 300.011973672569923
 299.996671243826540
 299.980600152807483
 300.028710812920906
 299.954463253250310
 300.059849077176807
 299.933119906344075
 300.083207937605209
 299.915594037328503
 300.095309176468106
 299.904540051957497
 300.096653319599852
 299.902816455035293
 300.088736183751450
 299.912577307234415
 300.073768690332827
 299.933013224673005
 300.052255231987942
 299.959603317990059
 300.024536305895367
 299.989796179360837
 299.993494872270730
 300.019705015925524
 299.961900361390235
 300.047204743475959
 299.936959094301756
 300.075790831450888
 299.924013010653027
 300.098984350428168
 299.914808578972554
 300.102620278539234
 299.904861383813966
 300.091398588236814
 299.905752065714978
 300.076731202369501
 299.923057812704769
